0,243
0,9
0,310
0,305
0,308
0,304
0,303
0,302
0,307
0,12
0,10
0,8
0,0
0,414
0,300
0,413
0,299
0,412
0,298
0,411
0,297
0,410
0,296
0,409
0,295
0,437
0,294
0,407
0,293
0,406
0,292
0,405
0,291
0,404
0,290
0,436
0,289
0,403
0,288
0,402
0,287
0,401
0,286
0,400
0,285
0,399
0,284
0,398
0,283
0,434
0,282
0,397
0,281
0,396
0,280
0,395
0,279
0,394
0,278
0,433
0,277
0,393
0,276
0,392
0,275
0,391
0,274
0,390
0,273
0,389
0,272
0,388
0,271
0,430
0,270
0,387
0,269
0,386
0,268
0,385
0,267
0,429
0,266
0,428
0,265
0,427
0,264
0,442
0,263
0,382
0,262
0,384
0,261
0,380
0,260
0,379
0,259
0,381
0,258
0,377
0,257
0,376
0,256
0,378
0,255
0,374
0,254
0,372
0,253
0,375
0,252
0,373
0,251
0,250
0,441
0,249
0,426
0,248
0,425
0,247
0,424
0,246
0,423
0,245
0,432
0,244
0,422
0,242
0,421
0,241
0,369
0,240
0,420
0,239
0,419
0,238
0,418
0,237
0,435
0,236
0,417
0,235
0,416
0,234
0,415
0,233
0,431
0,232
0,368
0,231
0,367
0,230
0,366
0,229
0,365
0,228
0,364
0,227
0,363
0,226
0,362
0,225
0,438
0,224
0,440
0,223
0,359
0,222
0,358
0,221
0,357
0,220
0,356
0,219
0,355
0,218
0,354
0,217
0,353
0,216
0,439
0,215
0,351
0,214
0,350
0,213
0,349
0,212
0,348
0,211
0,347
0,210
0,346
0,209
0,345
0,208
0,344
0,207
0,206
0,205
0,341
0,204
0,340
0,203
0,339
0,202
0,338
0,201
0,200
0,199
0,335
0,198
0,334
0,197
0,333
0,196
0,332
0,195
0,331
0,194
0,330
0,193
0,329
0,192
0,328
0,63
0,327
0,62
0,326
0,61
0,325
0,60
0,324
0,59
0,323
0,58
0,321
0,57
0,320
0,56
0,319
0,55
0,318
0,54
0,317
0,53
0,316
0,52
0,315
0,51
